{
  "fridge": 7617.94871794872,
  "freezer": 5045.45454545455,
  "fixed_phone": 0.0,
  "iron": 35.4594692107746,
  "vacuum_cleaner": 110.367597918536,
  "fixed_computer": 747.236551215918,
  "laptop_computer": 472.803129074316,
  "tablet": 147.272727272727,
  "printer": 654.875958011368,
  "tv": 701.890637382543,
  "blueray_console": 1464.26653737683,
  "tv_box": 1464.26653737686,
  "gaming_console": 924.444444444445,
  "electric_hob": 417.902007298679,
  "gaz_hob": 0.0,
  "oven": 24.0653471567703,
  "microwave": 94.6193224072481,
  "kettle": 1519.82286616642,
  "toaster": 292.326224041056,
  "dishwasher": 241.47639572683,
  "dryer": 122.072915738278,
  "washingmachine": 195.906595865544,
  "washer_dryer": 195.906595865545,
  "basin": 9.56521739130435,
  "sink": 13.4782608695652,
  "shower": 1.24692637242204,
  "bath": 0.518417462482947
}